8.680665610142631 0.21563342318060563
8.73771790808241 0.6469002695417885
8.76148969889065 0.8625336927223799
8.785261489698891 1.078167115902957
8.809033280507132 1.7250673854447456
8.837559429477022 2.371967654986534
8.86608557844691 3.450134770889491
8.885103011093502 5.175202156334237
8.913629160063392 7.978436657681954
8.937400950871632 11.21293800539084
8.965927099841522 15.956873315363879
8.989698890649763 23.072776280323453
9.013470681458003 29.32614555256066
9.037242472266245 32.345013477088955
9.061014263074485 32.77628032345012
9.089540412044375 29.75741239892183
9.118066561014263 26.091644204851747
9.141838351822503 22.85714285714286
9.165610142630745 20.26954177897575
9.241679873217116 16.603773584905667
9.370047543581617 13.584905660377359
9.49366085578447 13.584905660377359
9.574484944532488 13.153638814016176
9.631537242472266 13.80053908355795
9.693343898573692 14.66307277628033
9.835974643423137 19.19137466307278
9.992868462757528 30.404312668463618
10.049920760697306 36.442048517520206
10.102218700475436 40.97035040431267
10.206814580031695 53.908355795148246
10.311410459587956 66.41509433962264
10.368462757527734 79.7843665768194
10.477812995245642 86.68463611859838
10.582408874801903 83.66576819407007
10.69175911251981 65.12129380053908
10.801109350237718 45.92991913746631
