10.199137931034482 52.71739130434782
10.248275862068965 54.45652173913043
10.298275862068966 62.06521739130434
10.347413793103449 71.41304347826086
10.398275862068965 79.13043478260869
10.418103448275863 82.71739130434781
10.437931034482759 84.78260869565216
10.458620689655172 89.78260869565216
10.47844827586207 88.91304347826086
10.498275862068965 89.45652173913042
10.549137931034483 87.06521739130434
10.600000000000001 86.41304347826086
10.65 81.19565217391303
10.700000000000001 69.34782608695652

